((("sdfsdf" .
   [1 0 0 0 0 0])
  ("printf" .
   [0 0 0 1 0 0])
  ("at" .
   [1 0])
  ("sort" .
   [1 0 0 0])
  ("vector" .
   [1 0 1 0 0 0])
  ("t" .
   [1])
  ("(const value_type &__x)" .
   [0 0 0 0 0 0 0 0 0 0 0 0 0 0 0 0 0 0 0 0 0 0 1])
  ("push_back" .
   [0 0 0 0 0 0 0 1 0])
  ("stringBuilder" .
   [0 0 0 0 0 0 0 0 1 0 0 0 0])
  ("test" .
   [4 0 1 0])
  ("o" .
   [1])
  ("out" .
   [4 0 0])
  ("System" .
   [3 0 1 2 0 0])
  ("fib" .
   [2 0 0])
  ("SLIME" .
   [0 0 0 0 1])
  ("SWANK/BACKEND:DISASSEMBLE-FRAME" .
   [0 0 1 0 0 0 0 0 0 0 0 0 0 0 0 0 0 0 0 0 0 0 0 0 0 0 0 0 0 0 0])
  ("hello" .
   [1 0 0 0 0])
  ("sb-ext:compiler-note" .
   [0 0 0 0 0 0 0 0 0 0 0 1 0 0 0 0 0 0 0 0])
  ("declare" .
   [1 0 0 0 0 0 0])
  ("sb-ext:muffle-conditions" .
   [0 0 0 1 1 0 0 0 0 0 0 1 0 0 0 0 0 0 0 0 0 0 0 1])
  ("*foobyte*" .
   [0 0 0 0 0 0 1 0 1])
  ("SCORE-BOARD" .
   [0 0 0 0 0 0 0 0 0 1 0])
  ("*TEST*" .
   [0 0 2 5 0 0])
  ("take-all" .
   [1 0 0 0 0 0 0 0])
  ("take" .
   [3 0 0 0])
  ("lazy-null" .
   [9 0 0 0 0 0 0 0 0])
  ("unless" .
   [6 0 0 0 0 0])
  ("make-lazy" .
   [2 0 0 0 0 0 1 1 0])
  ("lazy-cdr" .
   [10 0 0 0 0 0 0 0])
  ("*integers*" .
   [0 0 0 0 3 1 0 0 0 3])
  ("lazy-car" .
   [11 0 0 0 0 0 0 0])
  ("lazy-cons" .
   [2 0 0 0 0 0 0 0 0])
  ("defparameter" .
   [0 0 0 0 0 0 1 1 0 0 0 0])
  ("*foo*" .
   [2 0 0 0 0])
  ("*foo2*" .
   [0 0 0 0 0 1])
  ("*FOO1*" .
   [0 0 0 0 0 1])
  ("DEFPARAMETER" .
   [0 0 0 0 0 0 2 1 0 0 0 0])
  ("*FOO*" .
   [0 0 1 2 1])
  ("lazy-value" .
   [0 0 0 0 0 0 1 0 0 0])
  ("force" .
   [6 0 0 1 0])
  ("value" .
   [3 0 0 0 0])
  ("forced" .
   [3 0 0 0 0 0])
  ("gensym" .
   [1 0 0 0 0 0])
  ("lazy" .
   [10 0 0 0])
  ("pushnew" .
   [1 0 0 0 0 0 0])
  ("@body" .
   [1 0 0 0 0])
  ("subj" .
   [1 0 0 0])
  ("place" .
   [0 0 0 1 0])
  ("command" .
   [3 0 0 0 0 0 0])
  ("body" .
   [1 0 0 0])
  ("&body" .
   [1 0 0 0 0])
  ("obj" .
   [2 0 0])
  ("that." .
   [2 0 0 0 0])
  ("like" .
   [2 0 0 0])
  ("dunk" .
   [2 0 0 0])
  ("cannot" .
   [1 0 0 0 0 0])
  ("you" .
   [1 0 0])
  ("of" .
   [1 0])
  ("now" .
   [1 0 0])
  ("is" .
   [1 0])
  ("the" .
   [1 0 0])
  ("*bucket-filled*" .
   [0 0 0 0 1 0 0 0 0 0 0 0 0 0 0])
  ("*chain-welded*" .
   [0 0 0 0 0 1 0 0 0 0 0 0 0 0])
  ("have" .
   [2 0 0 0])
  ("bucket" .
   [1 0 0 0 0 2])
  ("garden" .
   [0 0 0 0 0 1])
  ("*location*" .
   [0 0 0 0 1 1 0 0 0 0])
  ("object" .
   [3 0 0 0 1 0])
  ("subject" .
   [2 0 0 0 1 2 0])
  ("setf" .
   [3 0 0 0])
  ("BUCKET" .
   [0 0 0 1 0 0])
  ("chain" .
   [1 0 0 0 0])
  ("GAME-REPL" .
   [0 0 0 0 0 0 0 0 1])
  ("*allowed-commands*" .
   [0 0 0 0 2 1 0 0 0 0 0 0 0 0 0 0 0 0])
  ("weld" .
   [2 0 0 1])
  ("let1" .
   [2 0 0 0])
  ("let3" .
   [1 0 0 0])
  ("macroexpand" .
   [0 0 0 0 0 1 0 0 0 0 0])
  ("no" .
   [4 0])
  ("progn" .
   [3 0 0 0 0])
  ("head" .
   [4 0 0 0])
  ("my-length" .
   [0 0 1 0 0 0 0 0 0])
  ("acc" .
   [2 0 0])
  ("tail" .
   [4 0 0 0])
  ("split" .
   [6 0 0 0 0])
  ("yes" .
   [5 0 0])
  ("val" .
   [6 0 0])
  ("defmacro" .
   [5 0 0 0 0 0 0 0])
  ("GAME-TREE" .
   [0 0 0 1 0 0 0 2 0])
  ("PLAY-VS-HUMAN" .
   [0 0 0 0 0 0 0 2 0 1 0 0 0])
  ("winners" .
   [0 0 0 1 0 0 0])
  ("announce-winner" .
   [0 0 0 3 0 1 0 0 0 0 0 0 0 0 0])
  ("best" .
   [1 0 0 0])
  ("not" .
   [2 0 0])
  ("totals" .
   [1 0 0 1 0 0])
  ("mapcar" .
   [3 0 0 0 0 0])
  ("tally" .
   [2 0 0 0 0])
  ("lambda" .
   [5 0 0 0 0 0])
  ("across" .
   [1 0 0 0 0 0])
  ("action" .
   [3 0 0 0 0 0])
  ("move" .
   [4 0 0 0])
  ("do" .
   [1 0])
  ("in" .
   [2 0])
  ("caddr" .
   [6 0 0 0 0])
  ("moves" .
   [3 0 0 0 0])
  ("princ" .
   [2 0 0 0 0])
  ("handle-human" .
   [0 0 0 1 1 1 0 0 0 1 0 0])
  ("draw-board" .
   [0 0 0 0 1 0 0 0 0 0])
  ("player-letter" .
   [2 0 1 0 0 0 0 0 0 0 0 0 0])
  ("format" .
   [5 0 0 0 0 0])
  ("fresh-line" .
   [2 0 0 0 0 1 1 0 1 0])
  ("print-info" .
   [2 0 0 0 0 0 0 1 0 0])
  ("cadr" .
   [12 0 0 0])
  ("play-vs-human" .
   [1 0 0 0 0 0 0 1 0 0 2 0 0])
  ("if" .
   [14 0])
  ("tree" .
   [34 0 0 0])
  ("print" .
   [9 0 0 0 0])
  ("cdr" .
   [10 0 0])
  ("cons" .
   [8 0 0 0])
  ("*max-dice*" .
   [0 0 0 0 1 0 0 0 0 0])
  ("cur-dice" .
   [2 0 0 0 0 0 0 0])
  ("and" .
   [4 0 0])
  ("car" .
   [16 0 0])
  ("cur-player" .
   [0 0 0 0 0 0 1 2 0 0])
  ("let" .
   [10 0 0])
  ("zerop" .
   [4 0 0 0 0])
  ("nil" .
   [6 0 0])
  ("NEIGHTBORS" .
   [0 0 1 1 0 0 0 0 0 0])
  ("defun" .
   [28 0 0 1 0])
  ("board-attack" .
   [1 0 0 0 0 0 0 0 0 0 0 0])
  ("board" .
   [6 0 0 1 3])
  ("player" .
   [8 0 0 0 0 0])
  ("src" .
   [2 0 0])
  ("dst" .
   [2 0 0])
  ("dice" .
   [2 0 0 0])
  ("board-array" .
   [0 0 0 0 0 0 0 0 0 2 0])
  ("loop" .
   [3 0 0 0])
  ("for" .
   [7 0 0])
  ("pos" .
   [4 0 0])
  ("hex" .
   [4 0 0])
  ("collect" .
   [2 0 0 0 0 0 0])
  ("eq" .
   [9 0])
  ("list" .
   [12 0 0 0])
  ("1-" .
   [4 0])
  ("FOR" .
   [1 0 0])
  ("DEFUN" .
   [1 0 1 0 0])
  ("add-new-dice" .
   [0 0 0 0 0 0 1 0 0 0 0 0])
  ("spare-dice" .
   [2 0 0 0 0 0 0 0 0 0])
  ("labels" .
   [2 0 0 0 0 0])
  ("lst" .
   [40 0 0])
  ("cond" .
   [3 0 0 0])
  ("get-ratings" .
   [1 0 0 0 0 0 0 0 0 0 0])
  ("nth" .
   [1 0 0])
  ("apply" .
   [2 0 0 0 0])
  ("max" .
   [1 0 0])
  ("ratings" .
   [2 0 0 0 0 0 0])
  ("null" .
   [1 0 0 0])
  ("p" .
   [1])
  ("play-vs-computer" .
   [1 0 0 0 0 0 0 0 0 0 1 2 0 0 0 0])
  ("handle-computer" .
   [0 0 0 0 0 0 0 0 0 0 2 0 0 0 0])
  ("PLAY-VS-COMPUTER" .
   [0 0 0 0 0 0 0 0 0 0 0 0 1 0 0 0])
  ("funcall" .
   [6 0 0 0 1 0 0])
  ("lazy-mapcar" .
   [1 0 0 0 0 0 0 0 0 0 0])
  ("fun" .
   [8 0 0])
  ("lst-cur" .
   [3 0 0 0 1 0 0])
  ("lazy-mapcan" .
   [1 0 0 0 0 0 0 0 0 0 0])
  ("lazy-find-if" .
   [1 0 0 0 0 0 0 0 0 0 0 0])
  ("lazy-nth" .
   [2 0 0 0 0 0 0 0])
  ("load" .
   [2 0 0 0])
  ("lazy-nil" .
   [3 0 0 0 0 0 0 0])
  ("depth" .
   [1 0 0 1 0])
  ("limit-tree-depth" .
   [0 0 0 0 0 0 0 0 0 1 0 0 0 0 0 0])
  ("score-board" .
   [0 0 0 1 0 0 0 0 0 0 0])
  ("e:/program/lisp/land/DiceDoomV2.lisp" .
   [0 0 0 0 0 0 0 0 0 0 0 0 0 0 0 0 0 0 0 0 0 0 0 0 0 0 0 0 0 0 0 0 0 0 0 1])
  ("CL-USER>" .
   [1 0 0 0 0 0 0 0])
  ("println" .
   [0 0 1 0 0 0 0])
  ("vec" .
   [1 0 0])
  ("end" .
   [1 0 1])
  ("()" .
   [0 2])
  ("map" .
   [2 0 0])
  ("|---+-----+-----+-----+-----------+--------------|" .
   [0 0 2 0 0 0 0 0 0 0 0 0 0 0 0 0 0 0 0 0 0 0 0 0 0 0 0 0 0 0 0 0 0 0 0 0 0 0 0 0 0 0 0 0 0 0 0 0 0 0])
  ("var" .
   [6 0 0])
  ("function" .
   [0 0 0 3 1 0 0 0])
  ("return" .
   [3 0 0 1 0 1])
  ("increment" .
   [0 0 0 0 1 1 0 0 0])
  ("mapper" .
   [0 0 0 0 1 0])
  ("incrementer" .
   [0 0 0 0 0 0 1 0 0 0 0])
  ("Array" .
   [1 0 0 0 0])
  ("prototype" .
   [0 0 0 0 0 1 0 0 0])
  ("arguments" .
   [1 0 0 0 0 0 0 1 0])
  ("key" .
   [3 0 0])
  ("cache" .
   [1 0 0 0 2])
  ("memorize" .
   [0 0 0 0 0 1 0 0])
  ("gcd" .
   [1 0 0])
  ("gcdmemo" .
   [0 0 0 0 0 1 0])
  ("call" .
   [1 0 0 0])))
